image,initial_radius,delta_radius,auto_count
1,5,2,103
1,5,4,97
1,5,6,90
1,5,8,90
1,5,10,91
1,5,12,87
1,5,14,85
1,5,16,84
1,5,18,82
1,5,20,82
1,10,2,91
1,10,4,87
1,10,6,80
1,10,8,83
1,10,10,78
1,10,12,78
1,10,14,78
1,10,16,79
1,10,18,77
1,10,20,77
1,15,2,70
1,15,4,67
1,15,6,69
1,15,8,68
1,15,10,68
1,15,12,67
1,15,14,67
1,15,16,67
1,15,18,67
1,15,20,67
1,20,2,51
1,20,4,49
1,20,6,50
1,20,8,48
1,20,10,48
1,20,12,48
1,20,14,48
1,20,16,48
1,20,18,48
1,20,20,48
1,25,2,24
1,25,4,24
1,25,6,24
1,25,8,24
1,25,10,24
1,25,12,24
1,25,14,24
1,25,16,24
1,25,18,24
1,25,20,24
1,30,2,3
1,30,4,3
1,30,6,3
1,30,8,3
1,30,10,3
1,30,12,3
1,30,14,3
1,30,16,3
1,30,18,3
1,30,20,3
1,35,2,0
1,35,4,0
1,35,6,0
1,35,8,0
1,35,10,0
1,35,12,0
1,35,14,0
1,35,16,0
1,35,18,0
1,35,20,0
1,40,2,0
1,40,4,0
1,40,6,0
1,40,8,0
1,40,10,0
1,40,12,0
1,40,14,0
1,40,16,0
1,40,18,0
1,40,20,0
2,5,2,115
2,5,4,98
2,5,6,94
2,5,8,92
2,5,10,94
2,5,12,90
2,5,14,91
2,5,16,85
2,5,18,84
2,5,20,84
2,10,2,81
2,10,4,78
2,10,6,74
2,10,8,77
2,10,10,74
2,10,12,73
2,10,14,76
2,10,16,73
2,10,18,72
2,10,20,72
2,15,2,65
2,15,4,63
2,15,6,60
2,15,8,60
2,15,10,61
2,15,12,60
2,15,14,60
2,15,16,60
2,15,18,60
2,15,20,60
2,20,2,43
2,20,4,43
2,20,6,41
2,20,8,40
2,20,10,40
2,20,12,40
2,20,14,40
2,20,16,40
2,20,18,40
2,20,20,40
2,25,2,19
2,25,4,19
2,25,6,19
2,25,8,19
2,25,10,19
2,25,12,19
2,25,14,19
2,25,16,19
2,25,18,19
2,25,20,19
2,30,2,0
2,30,4,0
2,30,6,0
2,30,8,0
2,30,10,0
2,30,12,0
2,30,14,0
2,30,16,0
2,30,18,0
2,30,20,0
2,35,2,0
2,35,4,0
2,35,6,0
2,35,8,0
2,35,10,0
2,35,12,0
2,35,14,0
2,35,16,0
2,35,18,0
2,35,20,0
2,40,2,0
2,40,4,0
2,40,6,0
2,40,8,0
2,40,10,0
2,40,12,0
2,40,14,0
2,40,16,0
2,40,18,0
2,40,20,0
3,5,2,90
3,5,4,83
3,5,6,80
3,5,8,80
3,5,10,79
3,5,12,76
3,5,14,77
3,5,16,75
3,5,18,74
3,5,20,74
3,10,2,87
3,10,4,80
3,10,6,79
3,10,8,79
3,10,10,75
3,10,12,75
3,10,14,75
3,10,16,78
3,10,18,78
3,10,20,75
3,15,2,67
3,15,4,66
3,15,6,67
3,15,8,64
3,15,10,64
3,15,12,66
3,15,14,64
3,15,16,64
3,15,18,65
3,15,20,64
3,20,2,53
3,20,4,50
3,20,6,50
3,20,8,50
3,20,10,47
3,20,12,47
3,20,14,47
3,20,16,47
3,20,18,47
3,20,20,47
3,25,2,31
3,25,4,29
3,25,6,28
3,25,8,29
3,25,10,28
3,25,12,28
3,25,14,28
3,25,16,28
3,25,18,28
3,25,20,28
3,30,2,2
3,30,4,2
3,30,6,2
3,30,8,2
3,30,10,2
3,30,12,2
3,30,14,2
3,30,16,2
3,30,18,2
3,30,20,2
3,35,2,0
3,35,4,0
3,35,6,0
3,35,8,0
3,35,10,0
3,35,12,0
3,35,14,0
3,35,16,0
3,35,18,0
3,35,20,0
3,40,2,0
3,40,4,0
3,40,6,0
3,40,8,0
3,40,10,0
3,40,12,0
3,40,14,0
3,40,16,0
3,40,18,0
3,40,20,0
4,5,2,101
4,5,4,97
4,5,6,91
4,5,8,81
4,5,10,88
4,5,12,79
4,5,14,74
4,5,16,74
4,5,18,77
4,5,20,81
4,10,2,86
4,10,4,83
4,10,6,81
4,10,8,75
4,10,10,70
4,10,12,75
4,10,14,73
4,10,16,72
4,10,18,69
4,10,20,66
4,15,2,83
4,15,4,73
4,15,6,70
4,15,8,72
4,15,10,77
4,15,12,68
4,15,14,66
4,15,16,65
4,15,18,65
4,15,20,65
4,20,2,63
4,20,4,58
4,20,6,56
4,20,8,55
4,20,10,53
4,20,12,53
4,20,14,53
4,20,16,53
4,20,18,53
4,20,20,53
4,25,2,49
4,25,4,48
4,25,6,47
4,25,8,47
4,25,10,47
4,25,12,47
4,25,14,47
4,25,16,47
4,25,18,47
4,25,20,47
4,30,2,6
4,30,4,6
4,30,6,6
4,30,8,6
4,30,10,6
4,30,12,6
4,30,14,6
4,30,16,6
4,30,18,6
4,30,20,6
4,35,2,0
4,35,4,0
4,35,6,0
4,35,8,0
4,35,10,0
4,35,12,0
4,35,14,0
4,35,16,0
4,35,18,0
4,35,20,0
4,40,2,0
4,40,4,0
4,40,6,0
4,40,8,0
4,40,10,0
4,40,12,0
4,40,14,0
4,40,16,0
4,40,18,0
4,40,20,0
5,5,2,109
5,5,4,100
5,5,6,94
5,5,8,96
5,5,10,93
5,5,12,90
5,5,14,90
5,5,16,88
5,5,18,86
5,5,20,84
5,10,2,91
5,10,4,86
5,10,6,80
5,10,8,83
5,10,10,81
5,10,12,78
5,10,14,77
5,10,16,79
5,10,18,76
5,10,20,76
5,15,2,84
5,15,4,82
5,15,6,80
5,15,8,77
5,15,10,77
5,15,12,77
5,15,14,76
5,15,16,76
5,15,18,76
5,15,20,76
5,20,2,55
5,20,4,52
5,20,6,54
5,20,8,51
5,20,10,51
5,20,12,51
5,20,14,51
5,20,16,51
5,20,18,51
5,20,20,51
5,25,2,24
5,25,4,23
5,25,6,23
5,25,8,23
5,25,10,23
5,25,12,23
5,25,14,23
5,25,16,23
5,25,18,23
5,25,20,23
5,30,2,1
5,30,4,1
5,30,6,1
5,30,8,1
5,30,10,1
5,30,12,1
5,30,14,1
5,30,16,1
5,30,18,1
5,30,20,1
5,35,2,0
5,35,4,0
5,35,6,0
5,35,8,0
5,35,10,0
5,35,12,0
5,35,14,0
5,35,16,0
5,35,18,0
5,35,20,0
5,40,2,0
5,40,4,0
5,40,6,0
5,40,8,0
5,40,10,0
5,40,12,0
5,40,14,0
5,40,16,0
5,40,18,0
5,40,20,0
6,5,2,87
6,5,4,83
6,5,6,80
6,5,8,81
6,5,10,77
6,5,12,78
6,5,14,79
6,5,16,79
6,5,18,78
6,5,20,75
6,10,2,78
6,10,4,75
6,10,6,77
6,10,8,70
6,10,10,70
6,10,12,75
6,10,14,68
6,10,16,68
6,10,18,69
6,10,20,67
6,15,2,70
6,15,4,69
6,15,6,67
6,15,8,65
6,15,10,62
6,15,12,63
6,15,14,61
6,15,16,62
6,15,18,61
6,15,20,61
6,20,2,55
6,20,4,52
6,20,6,50
6,20,8,51
6,20,10,49
6,20,12,49
6,20,14,49
6,20,16,49
6,20,18,49
6,20,20,49
6,25,2,33
6,25,4,30
6,25,6,31
6,25,8,30
6,25,10,30
6,25,12,30
6,25,14,30
6,25,16,30
6,25,18,30
6,25,20,30
6,30,2,1
6,30,4,1
6,30,6,1
6,30,8,1
6,30,10,1
6,30,12,1
6,30,14,1
6,30,16,1
6,30,18,1
6,30,20,1
6,35,2,0
6,35,4,0
6,35,6,0
6,35,8,0
6,35,10,0
6,35,12,0
6,35,14,0
6,35,16,0
6,35,18,0
6,35,20,0
6,40,2,0
6,40,4,0
6,40,6,0
6,40,8,0
6,40,10,0
6,40,12,0
6,40,14,0
6,40,16,0
6,40,18,0
6,40,20,0
7,5,2,101
7,5,4,94
7,5,6,93
7,5,8,89
7,5,10,89
7,5,12,85
7,5,14,85
7,5,16,85
7,5,18,87
7,5,20,86
7,10,2,80
7,10,4,79
7,10,6,79
7,10,8,77
7,10,10,76
7,10,12,78
7,10,14,76
7,10,16,74
7,10,18,72
7,10,20,72
7,15,2,75
7,15,4,74
7,15,6,71
7,15,8,71
7,15,10,70
7,15,12,69
7,15,14,66
7,15,16,66
7,15,18,66
7,15,20,66
7,20,2,53
7,20,4,53
7,20,6,52
7,20,8,51
7,20,10,51
7,20,12,51
7,20,14,51
7,20,16,51
7,20,18,51
7,20,20,51
7,25,2,43
7,25,4,40
7,25,6,40
7,25,8,40
7,25,10,40
7,25,12,40
7,25,14,40
7,25,16,40
7,25,18,40
7,25,20,40
7,30,2,0
7,30,4,0
7,30,6,0
7,30,8,0
7,30,10,0
7,30,12,0
7,30,14,0
7,30,16,0
7,30,18,0
7,30,20,0
7,35,2,0
7,35,4,0
7,35,6,0
7,35,8,0
7,35,10,0
7,35,12,0
7,35,14,0
7,35,16,0
7,35,18,0
7,35,20,0
7,40,2,0
7,40,4,0
7,40,6,0
7,40,8,0
7,40,10,0
7,40,12,0
7,40,14,0
7,40,16,0
7,40,18,0
7,40,20,0
8,5,2,82
8,5,4,77
8,5,6,75
8,5,8,71
8,5,10,70
8,5,12,72
8,5,14,68
8,5,16,69
8,5,18,67
8,5,20,66
8,10,2,63
8,10,4,62
8,10,6,58
8,10,8,58
8,10,10,55
8,10,12,56
8,10,14,55
8,10,16,57
8,10,18,55
8,10,20,55
8,15,2,53
8,15,4,49
8,15,6,50
8,15,8,49
8,15,10,48
8,15,12,48
8,15,14,48
8,15,16,48
8,15,18,48
8,15,20,48
8,20,2,35
8,20,4,32
8,20,6,34
8,20,8,32
8,20,10,32
8,20,12,32
8,20,14,32
8,20,16,32
8,20,18,32
8,20,20,32
8,25,2,18
8,25,4,18
8,25,6,18
8,25,8,18
8,25,10,18
8,25,12,18
8,25,14,18
8,25,16,18
8,25,18,18
8,25,20,18
8,30,2,1
8,30,4,1
8,30,6,1
8,30,8,1
8,30,10,1
8,30,12,1
8,30,14,1
8,30,16,1
8,30,18,1
8,30,20,1
8,35,2,0
8,35,4,0
8,35,6,0
8,35,8,0
8,35,10,0
8,35,12,0
8,35,14,0
8,35,16,0
8,35,18,0
8,35,20,0
8,40,2,0
8,40,4,0
8,40,6,0
8,40,8,0
8,40,10,0
8,40,12,0
8,40,14,0
8,40,16,0
8,40,18,0
8,40,20,0
9,5,2,97
9,5,4,93
9,5,6,88
9,5,8,88
9,5,10,88
9,5,12,87
9,5,14,86
9,5,16,85
9,5,18,85
9,5,20,85
9,10,2,81
9,10,4,75
9,10,6,73
9,10,8,74
9,10,10,69
9,10,12,69
9,10,14,69
9,10,16,69
9,10,18,69
9,10,20,69
9,15,2,61
9,15,4,59
9,15,6,58
9,15,8,58
9,15,10,58
9,15,12,58
9,15,14,58
9,15,16,58
9,15,18,58
9,15,20,58
9,20,2,37
9,20,4,37
9,20,6,37
9,20,8,37
9,20,10,37
9,20,12,37
9,20,14,37
9,20,16,37
9,20,18,37
9,20,20,37
9,25,2,15
9,25,4,15
9,25,6,15
9,25,8,15
9,25,10,15
9,25,12,15
9,25,14,15
9,25,16,15
9,25,18,15
9,25,20,15
9,30,2,1
9,30,4,1
9,30,6,1
9,30,8,1
9,30,10,1
9,30,12,1
9,30,14,1
9,30,16,1
9,30,18,1
9,30,20,1
9,35,2,0
9,35,4,0
9,35,6,0
9,35,8,0
9,35,10,0
9,35,12,0
9,35,14,0
9,35,16,0
9,35,18,0
9,35,20,0
9,40,2,0
9,40,4,0
9,40,6,0
9,40,8,0
9,40,10,0
9,40,12,0
9,40,14,0
9,40,16,0
9,40,18,0
9,40,20,0
10,5,2,58
10,5,4,53
10,5,6,49
10,5,8,52
10,5,10,49
10,5,12,47
10,5,14,49
10,5,16,51
10,5,18,46
10,5,20,46
10,10,2,54
10,10,4,48
10,10,6,46
10,10,8,46
10,10,10,44
10,10,12,45
10,10,14,44
10,10,16,45
10,10,18,44
10,10,20,44
10,15,2,50
10,15,4,45
10,15,6,44
10,15,8,43
10,15,10,42
10,15,12,42
10,15,14,41
10,15,16,42
10,15,18,41
10,15,20,41
10,20,2,41
10,20,4,39
10,20,6,39
10,20,8,38
10,20,10,36
10,20,12,37
10,20,14,36
10,20,16,38
10,20,18,36
10,20,20,35
10,25,2,38
10,25,4,36
10,25,6,36
10,25,8,32
10,25,10,32
10,25,12,34
10,25,14,31
10,25,16,30
10,25,18,30
10,25,20,30
10,30,2,31
10,30,4,29
10,30,6,30
10,30,8,29
10,30,10,28
10,30,12,28
10,30,14,28
10,30,16,28
10,30,18,28
10,30,20,28
10,35,2,25
10,35,4,22
10,35,6,21
10,35,8,21
10,35,10,21
10,35,12,21
10,35,14,21
10,35,16,21
10,35,18,21
10,35,20,21
10,40,2,9
10,40,4,9
10,40,6,9
10,40,8,9
10,40,10,9
10,40,12,9
10,40,14,9
10,40,16,9
10,40,18,9
10,40,20,9
11,5,2,53
11,5,4,43
11,5,6,45
11,5,8,40
11,5,10,43
11,5,12,38
11,5,14,41
11,5,16,40
11,5,18,38
11,5,20,36
11,10,2,43
11,10,4,39
11,10,6,36
11,10,8,38
11,10,10,38
11,10,12,35
11,10,14,36
11,10,16,33
11,10,18,34
11,10,20,35
11,15,2,45
11,15,4,42
11,15,6,37
11,15,8,37
11,15,10,38
11,15,12,34
11,15,14,34
11,15,16,35
11,15,18,35
11,15,20,38
11,20,2,39
11,20,4,37
11,20,6,35
11,20,8,35
11,20,10,36
11,20,12,35
11,20,14,36
11,20,16,35
11,20,18,35
11,20,20,34
11,25,2,35
11,25,4,30
11,25,6,29
11,25,8,30
11,25,10,33
11,25,12,29
11,25,14,29
11,25,16,28
11,25,18,28
11,25,20,28
11,30,2,28
11,30,4,28
11,30,6,27
11,30,8,27
11,30,10,27
11,30,12,27
11,30,14,27
11,30,16,27
11,30,18,27
11,30,20,27
11,35,2,29
11,35,4,29
11,35,6,29
11,35,8,28
11,35,10,28
11,35,12,29
11,35,14,28
11,35,16,28
11,35,18,28
11,35,20,28
11,40,2,14
11,40,4,14
11,40,6,14
11,40,8,14
11,40,10,14
11,40,12,14
11,40,14,14
11,40,16,14
11,40,18,14
11,40,20,14
12,5,2,48
12,5,4,42
12,5,6,40
12,5,8,41
12,5,10,40
12,5,12,40
12,5,14,39
12,5,16,38
12,5,18,38
12,5,20,38
12,10,2,41
12,10,4,40
12,10,6,37
12,10,8,36
12,10,10,35
12,10,12,35
12,10,14,34
12,10,16,35
12,10,18,35
12,10,20,35
12,15,2,36
12,15,4,36
12,15,6,36
12,15,8,34
12,15,10,34
12,15,12,36
12,15,14,35
12,15,16,34
12,15,18,34
12,15,20,34
12,20,2,28
12,20,4,27
12,20,6,27
12,20,8,27
12,20,10,27
12,20,12,26
12,20,14,26
12,20,16,26
12,20,18,26
12,20,20,26
12,25,2,25
12,25,4,24
12,25,6,23
12,25,8,23
12,25,10,23
12,25,12,23
12,25,14,23
12,25,16,23
12,25,18,23
12,25,20,23
12,30,2,19
12,30,4,19
12,30,6,19
12,30,8,19
12,30,10,19
12,30,12,19
12,30,14,19
12,30,16,19
12,30,18,19
12,30,20,19
12,35,2,14
12,35,4,14
12,35,6,14
12,35,8,14
12,35,10,14
12,35,12,14
12,35,14,14
12,35,16,14
12,35,18,14
12,35,20,14
12,40,2,9
12,40,4,9
12,40,6,9
12,40,8,9
12,40,10,9
12,40,12,9
12,40,14,9
12,40,16,9
12,40,18,9
12,40,20,9
13,5,2,53
13,5,4,46
13,5,6,42
13,5,8,41
13,5,10,40
13,5,12,39
13,5,14,40
13,5,16,41
13,5,18,38
13,5,20,38
13,10,2,38
13,10,4,37
13,10,6,37
13,10,8,35
13,10,10,37
13,10,12,36
13,10,14,36
13,10,16,34
13,10,18,35
13,10,20,35
13,15,2,37
13,15,4,35
13,15,6,36
13,15,8,35
13,15,10,33
13,15,12,33
13,15,14,32
13,15,16,33
13,15,18,33
13,15,20,32
13,20,2,31
13,20,4,31
13,20,6,30
13,20,8,30
13,20,10,31
13,20,12,30
13,20,14,30
13,20,16,30
13,20,18,30
13,20,20,31
13,25,2,29
13,25,4,27
13,25,6,27
13,25,8,27
13,25,10,26
13,25,12,26
13,25,14,27
13,25,16,25
13,25,18,25
13,25,20,25
13,30,2,24
13,30,4,23
13,30,6,23
13,30,8,23
13,30,10,24
13,30,12,23
13,30,14,23
13,30,16,23
13,30,18,23
13,30,20,23
13,35,2,19
13,35,4,19
13,35,6,18
13,35,8,18
13,35,10,18
13,35,12,18
13,35,14,18
13,35,16,18
13,35,18,18
13,35,20,18
13,40,2,10
13,40,4,10
13,40,6,10
13,40,8,10
13,40,10,10
13,40,12,10
13,40,14,10
13,40,16,10
13,40,18,10
13,40,20,10
14,5,2,46
14,5,4,40
14,5,6,43
14,5,8,38
14,5,10,37
14,5,12,38
14,5,14,40
14,5,16,38
14,5,18,36
14,5,20,36
14,10,2,44
14,10,4,41
14,10,6,38
14,10,8,41
14,10,10,37
14,10,12,37
14,10,14,37
14,10,16,41
14,10,18,37
14,10,20,37
14,15,2,39
14,15,4,37
14,15,6,33
14,15,8,36
14,15,10,33
14,15,12,33
14,15,14,34
14,15,16,36
14,15,18,33
14,15,20,33
14,20,2,37
14,20,4,33
14,20,6,32
14,20,8,33
14,20,10,32
14,20,12,32
14,20,14,32
14,20,16,33
14,20,18,32
14,20,20,31
14,25,2,31
14,25,4,27
14,25,6,28
14,25,8,26
14,25,10,26
14,25,12,27
14,25,14,26
14,25,16,25
14,25,18,26
14,25,20,25
14,30,2,27
14,30,4,26
14,30,6,27
14,30,8,22
14,30,10,22
14,30,12,26
14,30,14,22
14,30,16,22
14,30,18,22
14,30,20,22
14,35,2,23
14,35,4,22
14,35,6,21
14,35,8,19
14,35,10,18
14,35,12,21
14,35,14,18
14,35,16,18
14,35,18,18
14,35,20,18
14,40,2,12
14,40,4,8
14,40,6,8
14,40,8,8
14,40,10,8
14,40,12,8
14,40,14,8
14,40,16,8
14,40,18,8
14,40,20,8
15,5,2,61
15,5,4,53
15,5,6,53
15,5,8,50
15,5,10,53
15,5,12,49
15,5,14,49
15,5,16,48
15,5,18,48
15,5,20,47
15,10,2,55
15,10,4,50
15,10,6,51
15,10,8,48
15,10,10,49
15,10,12,47
15,10,14,48
15,10,16,45
15,10,18,44
15,10,20,44
15,15,2,51
15,15,4,51
15,15,6,50
15,15,8,49
15,15,10,48
15,15,12,47
15,15,14,45
15,15,16,45
15,15,18,46
15,15,20,46
15,20,2,49
15,20,4,47
15,20,6,44
15,20,8,45
15,20,10,44
15,20,12,42
15,20,14,41
15,20,16,44
15,20,18,42
15,20,20,43
15,25,2,38
15,25,4,36
15,25,6,35
15,25,8,36
15,25,10,36
15,25,12,35
15,25,14,36
15,25,16,35
15,25,18,34
15,25,20,34
15,30,2,34
15,30,4,30
15,30,6,31
15,30,8,29
15,30,10,30
15,30,12,28
15,30,14,27
15,30,16,27
15,30,18,27
15,30,20,27
15,35,2,26
15,35,4,26
15,35,6,25
15,35,8,24
15,35,10,24
15,35,12,24
15,35,14,24
15,35,16,24
15,35,18,24
15,35,20,24
15,40,2,12
15,40,4,12
15,40,6,12
15,40,8,12
15,40,10,12
15,40,12,12
15,40,14,12
15,40,16,12
15,40,18,12
15,40,20,12
16,5,2,53
16,5,4,40
16,5,6,43
16,5,8,36
16,5,10,38
16,5,12,37
16,5,14,37
16,5,16,36
16,5,18,39
16,5,20,36
16,10,2,39
16,10,4,36
16,10,6,35
16,10,8,35
16,10,10,34
16,10,12,35
16,10,14,34
16,10,16,32
16,10,18,32
16,10,20,32
16,15,2,38
16,15,4,35
16,15,6,29
16,15,8,33
16,15,10,32
16,15,12,31
16,15,14,30
16,15,16,33
16,15,18,31
16,15,20,31
16,20,2,31
16,20,4,30
16,20,6,30
16,20,8,29
16,20,10,29
16,20,12,30
16,20,14,29
16,20,16,29
16,20,18,29
16,20,20,29
16,25,2,31
16,25,4,29
16,25,6,30
16,25,8,29
16,25,10,28
16,25,12,28
16,25,14,28
16,25,16,29
16,25,18,27
16,25,20,27
16,30,2,18
16,30,4,17
16,30,6,17
16,30,8,17
16,30,10,17
16,30,12,16
16,30,14,16
16,30,16,16
16,30,18,16
16,30,20,16
16,35,2,11
16,35,4,10
16,35,6,11
16,35,8,10
16,35,10,10
16,35,12,10
16,35,14,10
16,35,16,10
16,35,18,10
16,35,20,10
16,40,2,5
16,40,4,5
16,40,6,5
16,40,8,5
16,40,10,5
16,40,12,5
16,40,14,5
16,40,16,5
16,40,18,5
16,40,20,5
17,5,2,47
17,5,4,37
17,5,6,38
17,5,8,35
17,5,10,37
17,5,12,37
17,5,14,38
17,5,16,36
17,5,18,37
17,5,20,34
17,10,2,39
17,10,4,35
17,10,6,35
17,10,8,34
17,10,10,33
17,10,12,33
17,10,14,33
17,10,16,34
17,10,18,31
17,10,20,31
17,15,2,35
17,15,4,34
17,15,6,32
17,15,8,33
17,15,10,32
17,15,12,31
17,15,14,30
17,15,16,30
17,15,18,31
17,15,20,31
17,20,2,32
17,20,4,31
17,20,6,32
17,20,8,30
17,20,10,30
17,20,12,31
17,20,14,30
17,20,16,30
17,20,18,30
17,20,20,30
17,25,2,29
17,25,4,28
17,25,6,27
17,25,8,28
17,25,10,27
17,25,12,27
17,25,14,27
17,25,16,28
17,25,18,26
17,25,20,26
17,30,2,20
17,30,4,19
17,30,6,19
17,30,8,19
17,30,10,19
17,30,12,19
17,30,14,18
17,30,16,18
17,30,18,18
17,30,20,18
17,35,2,12
17,35,4,11
17,35,6,12
17,35,8,11
17,35,10,11
17,35,12,11
17,35,14,11
17,35,16,11
17,35,18,11
17,35,20,11
17,40,2,6
17,40,4,6
17,40,6,6
17,40,8,6
17,40,10,6
17,40,12,6
17,40,14,6
17,40,16,6
17,40,18,6
17,40,20,6
18,5,2,39
18,5,4,38
18,5,6,37
18,5,8,38
18,5,10,37
18,5,12,37
18,5,14,37
18,5,16,38
18,5,18,37
18,5,20,37
18,10,2,39
18,10,4,37
18,10,6,38
18,10,8,35
18,10,10,37
18,10,12,35
18,10,14,35
18,10,16,35
18,10,18,34
18,10,20,34
18,15,2,32
18,15,4,32
18,15,6,32
18,15,8,32
18,15,10,30
18,15,12,32
18,15,14,30
18,15,16,30
18,15,18,30
18,15,20,30
18,20,2,32
18,20,4,30
18,20,6,28
18,20,8,28
18,20,10,30
18,20,12,27
18,20,14,27
18,20,16,28
18,20,18,28
18,20,20,30
18,25,2,26
18,25,4,25
18,25,6,25
18,25,8,24
18,25,10,24
18,25,12,25
18,25,14,26
18,25,16,24
18,25,18,24
18,25,20,24
18,30,2,27
18,30,4,25
18,30,6,25
18,30,8,24
18,30,10,26
18,30,12,24
18,30,14,23
18,30,16,23
18,30,18,23
18,30,20,23
18,35,2,20
18,35,4,20
18,35,6,18
18,35,8,18
18,35,10,18
18,35,12,18
18,35,14,18
18,35,16,18
18,35,18,18
18,35,20,18
18,40,2,16
18,40,4,15
18,40,6,15
18,40,8,15
18,40,10,15
18,40,12,15
18,40,14,15
18,40,16,15
18,40,18,15
18,40,20,15
19,5,2,48
19,5,4,44
19,5,6,41
19,5,8,40
19,5,10,39
19,5,12,39
19,5,14,40
19,5,16,37
19,5,18,37
19,5,20,36
19,10,2,50
19,10,4,41
19,10,6,41
19,10,8,38
19,10,10,35
19,10,12,37
19,10,14,34
19,10,16,35
19,10,18,34
19,10,20,34
19,15,2,39
19,15,4,35
19,15,6,37
19,15,8,35
19,15,10,34
19,15,12,34
19,15,14,35
19,15,16,34
19,15,18,37
19,15,20,32
19,20,2,39
19,20,4,35
19,20,6,36
19,20,8,31
19,20,10,31
19,20,12,35
19,20,14,30
19,20,16,30
19,20,18,31
19,20,20,31
19,25,2,30
19,25,4,30
19,25,6,26
19,25,8,29
19,25,10,25
19,25,12,26
19,25,14,26
19,25,16,26
19,25,18,26
19,25,20,26
19,30,2,24
19,30,4,20
19,30,6,20
19,30,8,21
19,30,10,21
19,30,12,21
19,30,14,21
19,30,16,21
19,30,18,21
19,30,20,21
19,35,2,14
19,35,4,14
19,35,6,14
19,35,8,14
19,35,10,14
19,35,12,14
19,35,14,14
19,35,16,14
19,35,18,14
19,35,20,14
19,40,2,5
19,40,4,5
19,40,6,5
19,40,8,5
19,40,10,5
19,40,12,5
19,40,14,5
19,40,16,5
19,40,18,5
19,40,20,5
