image,initial_radius,delta_radius,auto_withborder,auto_noborder
1,5,2,121,99
1,5,4,103,86
1,5,6,99,84
1,5,8,97,81
1,5,10,99,83
1,5,12,95,81
1,5,14,96,82
1,5,16,90,76
1,5,18,89,75
1,5,20,89,75
1,10,2,84,69
1,10,4,80,67
1,10,6,76,63
1,10,8,79,66
1,10,10,76,63
1,10,12,75,62
1,10,14,78,65
1,10,16,75,62
1,10,18,74,61
1,10,20,74,61
1,15,2,65,57
1,15,4,63,55
1,15,6,60,52
1,15,8,60,52
1,15,10,61,53
1,15,12,60,52
1,15,14,60,52
1,15,16,60,52
1,15,18,60,52
1,15,20,60,52
1,20,2,43,39
1,20,4,43,39
1,20,6,41,37
1,20,8,40,36
1,20,10,40,36
1,20,12,40,36
1,20,14,40,36
1,20,16,40,36
1,20,18,40,36
1,20,20,40,36
1,25,2,19,18
1,25,4,19,18
1,25,6,19,18
1,25,8,19,18
1,25,10,19,18
1,25,12,19,18
1,25,14,19,18
1,25,16,19,18
1,25,18,19,18
1,25,20,19,18
1,30,2,0,0
1,30,4,0,0
1,30,6,0,0
1,30,8,0,0
1,30,10,0,0
1,30,12,0,0
1,30,14,0,0
1,30,16,0,0
1,30,18,0,0
1,30,20,0,0
1,35,2,0,0
1,35,4,0,0
1,35,6,0,0
1,35,8,0,0
1,35,10,0,0
1,35,12,0,0
1,35,14,0,0
1,35,16,0,0
1,35,18,0,0
1,35,20,0,0
1,40,2,0,0
1,40,4,0,0
1,40,6,0,0
1,40,8,0,0
1,40,10,0,0
1,40,12,0,0
1,40,14,0,0
1,40,16,0,0
1,40,18,0,0
1,40,20,0,0
2,5,2,91,70
2,5,4,83,64
2,5,6,80,62
2,5,8,80,61
2,5,10,79,62
2,5,12,76,60
2,5,14,77,61
2,5,16,75,59
2,5,18,74,58
2,5,20,74,58
2,10,2,87,71
2,10,4,80,65
2,10,6,79,64
2,10,8,79,64
2,10,10,75,60
2,10,12,75,60
2,10,14,75,60
2,10,16,78,63
2,10,18,78,63
2,10,20,75,60
2,15,2,67,56
2,15,4,66,55
2,15,6,67,56
2,15,8,64,53
2,15,10,64,53
2,15,12,66,55
2,15,14,64,53
2,15,16,64,53
2,15,18,65,54
2,15,20,64,53
2,20,2,53,46
2,20,4,50,43
2,20,6,50,43
2,20,8,50,43
2,20,10,47,40
2,20,12,47,40
2,20,14,47,40
2,20,16,47,40
2,20,18,47,40
2,20,20,47,40
2,25,2,31,31
2,25,4,29,29
2,25,6,28,28
2,25,8,29,29
2,25,10,28,28
2,25,12,28,28
2,25,14,28,28
2,25,16,28,28
2,25,18,28,28
2,25,20,28,28
2,30,2,2,2
2,30,4,2,2
2,30,6,2,2
2,30,8,2,2
2,30,10,2,2
2,30,12,2,2
2,30,14,2,2
2,30,16,2,2
2,30,18,2,2
2,30,20,2,2
2,35,2,0,0
2,35,4,0,0
2,35,6,0,0
2,35,8,0,0
2,35,10,0,0
2,35,12,0,0
2,35,14,0,0
2,35,16,0,0
2,35,18,0,0
2,35,20,0,0
2,40,2,0,0
2,40,4,0,0
2,40,6,0,0
2,40,8,0,0
2,40,10,0,0
2,40,12,0,0
2,40,14,0,0
2,40,16,0,0
2,40,18,0,0
2,40,20,0,0
3,5,2,118,96
3,5,4,103,85
3,5,6,96,76
3,5,8,82,65
3,5,10,89,74
3,5,12,81,67
3,5,14,75,62
3,5,16,75,62
3,5,18,78,65
3,5,20,82,69
3,10,2,93,77
3,10,4,86,71
3,10,6,84,70
3,10,8,75,61
3,10,10,70,57
3,10,12,75,62
3,10,14,73,60
3,10,16,72,59
3,10,18,69,56
3,10,20,66,53
3,15,2,93,81
3,15,4,78,66
3,15,6,70,58
3,15,8,72,60
3,15,10,77,65
3,15,12,68,56
3,15,14,66,54
3,15,16,65,53
3,15,18,65,53
3,15,20,65,53
3,20,2,69,60
3,20,4,60,51
3,20,6,56,48
3,20,8,55,47
3,20,10,53,45
3,20,12,53,45
3,20,14,53,45
3,20,16,53,45
3,20,18,53,45
3,20,20,53,45
3,25,2,50,46
3,25,4,48,44
3,25,6,47,43
3,25,8,47,43
3,25,10,47,43
3,25,12,47,43
3,25,14,47,43
3,25,16,47,43
3,25,18,47,43
3,25,20,47,43
3,30,2,6,6
3,30,4,6,6
3,30,6,6,6
3,30,8,6,6
3,30,10,6,6
3,30,12,6,6
3,30,14,6,6
3,30,16,6,6
3,30,18,6,6
3,30,20,6,6
3,35,2,0,0
3,35,4,0,0
3,35,6,0,0
3,35,8,0,0
3,35,10,0,0
3,35,12,0,0
3,35,14,0,0
3,35,16,0,0
3,35,18,0,0
3,35,20,0,0
3,40,2,0,0
3,40,4,0,0
3,40,6,0,0
3,40,8,0,0
3,40,10,0,0
3,40,12,0,0
3,40,14,0,0
3,40,16,0,0
3,40,18,0,0
3,40,20,0,0
4,5,2,113,102
4,5,4,104,94
4,5,6,97,87
4,5,8,99,89
4,5,10,96,85
4,5,12,93,83
4,5,14,93,84
4,5,16,91,82
4,5,18,89,80
4,5,20,87,78
4,10,2,94,89
4,10,4,89,84
4,10,6,80,75
4,10,8,83,78
4,10,10,81,76
4,10,12,78,73
4,10,14,77,72
4,10,16,79,73
4,10,18,76,70
4,10,20,76,70
4,15,2,84,78
4,15,4,82,76
4,15,6,80,74
4,15,8,77,71
4,15,10,77,71
4,15,12,77,71
4,15,14,76,70
4,15,16,76,70
4,15,18,76,70
4,15,20,76,70
4,20,2,55,51
4,20,4,52,48
4,20,6,54,50
4,20,8,51,47
4,20,10,51,47
4,20,12,51,47
4,20,14,51,47
4,20,16,51,47
4,20,18,51,47
4,20,20,51,47
4,25,2,24,23
4,25,4,23,22
4,25,6,23,22
4,25,8,23,22
4,25,10,23,22
4,25,12,23,22
4,25,14,23,22
4,25,16,23,22
4,25,18,23,22
4,25,20,23,22
4,30,2,1,1
4,30,4,1,1
4,30,6,1,1
4,30,8,1,1
4,30,10,1,1
4,30,12,1,1
4,30,14,1,1
4,30,16,1,1
4,30,18,1,1
4,30,20,1,1
4,35,2,0,0
4,35,4,0,0
4,35,6,0,0
4,35,8,0,0
4,35,10,0,0
4,35,12,0,0
4,35,14,0,0
4,35,16,0,0
4,35,18,0,0
4,35,20,0,0
4,40,2,0,0
4,40,4,0,0
4,40,6,0,0
4,40,8,0,0
4,40,10,0,0
4,40,12,0,0
4,40,14,0,0
4,40,16,0,0
4,40,18,0,0
4,40,20,0,0
5,5,2,90,73
5,5,4,85,70
5,5,6,80,66
5,5,8,81,67
5,5,10,77,63
5,5,12,78,64
5,5,14,79,65
5,5,16,79,65
5,5,18,78,64
5,5,20,75,61
5,10,2,81,72
5,10,4,78,68
5,10,6,77,68
5,10,8,71,61
5,10,10,71,61
5,10,12,76,66
5,10,14,68,59
5,10,16,68,59
5,10,18,69,60
5,10,20,67,58
5,15,2,72,63
5,15,4,69,60
5,15,6,67,57
5,15,8,65,57
5,15,10,62,54
5,15,12,63,53
5,15,14,61,53
5,15,16,62,54
5,15,18,61,53
5,15,20,61,53
5,20,2,56,51
5,20,4,52,47
5,20,6,50,45
5,20,8,51,46
5,20,10,49,44
5,20,12,49,44
5,20,14,49,44
5,20,16,49,44
5,20,18,49,44
5,20,20,49,44
5,25,2,33,29
5,25,4,30,28
5,25,6,31,29
5,25,8,30,28
5,25,10,30,28
5,25,12,30,28
5,25,14,30,28
5,25,16,30,28
5,25,18,30,28
5,25,20,30,28
5,30,2,1,1
5,30,4,1,1
5,30,6,1,1
5,30,8,1,1
5,30,10,1,1
5,30,12,1,1
5,30,14,1,1
5,30,16,1,1
5,30,18,1,1
5,30,20,1,1
5,35,2,0,0
5,35,4,0,0
5,35,6,0,0
5,35,8,0,0
5,35,10,0,0
5,35,12,0,0
5,35,14,0,0
5,35,16,0,0
5,35,18,0,0
5,35,20,0,0
5,40,2,0,0
5,40,4,0,0
5,40,6,0,0
5,40,8,0,0
5,40,10,0,0
5,40,12,0,0
5,40,14,0,0
5,40,16,0,0
5,40,18,0,0
5,40,20,0,0
6,5,2,102,90
6,5,4,94,83
6,5,6,93,82
6,5,8,89,78
6,5,10,89,78
6,5,12,85,74
6,5,14,85,74
6,5,16,85,74
6,5,18,87,76
6,5,20,86,75
6,10,2,86,78
6,10,4,83,74
6,10,6,81,72
6,10,8,79,70
6,10,10,78,69
6,10,12,80,71
6,10,14,78,69
6,10,16,76,67
6,10,18,74,65
6,10,20,74,65
6,15,2,76,70
6,15,4,74,68
6,15,6,71,65
6,15,8,71,66
6,15,10,70,65
6,15,12,69,63
6,15,14,66,61
6,15,16,66,61
6,15,18,66,61
6,15,20,66,61
6,20,2,57,53
6,20,4,53,49
6,20,6,52,48
6,20,8,51,47
6,20,10,51,47
6,20,12,51,47
6,20,14,51,47
6,20,16,51,47
6,20,18,51,47
6,20,20,51,47
6,25,2,43,38
6,25,4,40,36
6,25,6,40,36
6,25,8,40,36
6,25,10,40,36
6,25,12,40,36
6,25,14,40,36
6,25,16,40,36
6,25,18,40,36
6,25,20,40,36
6,30,2,0,0
6,30,4,0,0
6,30,6,0,0
6,30,8,0,0
6,30,10,0,0
6,30,12,0,0
6,30,14,0,0
6,30,16,0,0
6,30,18,0,0
6,30,20,0,0
6,35,2,0,0
6,35,4,0,0
6,35,6,0,0
6,35,8,0,0
6,35,10,0,0
6,35,12,0,0
6,35,14,0,0
6,35,16,0,0
6,35,18,0,0
6,35,20,0,0
6,40,2,0,0
6,40,4,0,0
6,40,6,0,0
6,40,8,0,0
6,40,10,0,0
6,40,12,0,0
6,40,14,0,0
6,40,16,0,0
6,40,18,0,0
6,40,20,0,0
7,5,2,85,74
7,5,4,80,70
7,5,6,78,68
7,5,8,74,65
7,5,10,73,64
7,5,12,75,66
7,5,14,71,62
7,5,16,72,63
7,5,18,70,61
7,5,20,69,60
7,10,2,63,53
7,10,4,62,53
7,10,6,58,50
7,10,8,58,49
7,10,10,55,47
7,10,12,56,48
7,10,14,55,47
7,10,16,57,48
7,10,18,55,47
7,10,20,55,47
7,15,2,53,49
7,15,4,49,45
7,15,6,50,46
7,15,8,49,45
7,15,10,48,44
7,15,12,48,44
7,15,14,48,44
7,15,16,48,44
7,15,18,48,44
7,15,20,48,44
7,20,2,35,32
7,20,4,32,30
7,20,6,34,31
7,20,8,32,30
7,20,10,32,30
7,20,12,32,30
7,20,14,32,30
7,20,16,32,30
7,20,18,32,30
7,20,20,32,30
7,25,2,18,16
7,25,4,18,16
7,25,6,18,16
7,25,8,18,16
7,25,10,18,16
7,25,12,18,16
7,25,14,18,16
7,25,16,18,16
7,25,18,18,16
7,25,20,18,16
7,30,2,1,1
7,30,4,1,1
7,30,6,1,1
7,30,8,1,1
7,30,10,1,1
7,30,12,1,1
7,30,14,1,1
7,30,16,1,1
7,30,18,1,1
7,30,20,1,1
7,35,2,0,0
7,35,4,0,0
7,35,6,0,0
7,35,8,0,0
7,35,10,0,0
7,35,12,0,0
7,35,14,0,0
7,35,16,0,0
7,35,18,0,0
7,35,20,0,0
7,40,2,0,0
7,40,4,0,0
7,40,6,0,0
7,40,8,0,0
7,40,10,0,0
7,40,12,0,0
7,40,14,0,0
7,40,16,0,0
7,40,18,0,0
7,40,20,0,0
8,5,2,107,83
8,5,4,101,78
8,5,6,96,73
8,5,8,96,74
8,5,10,96,74
8,5,12,95,72
8,5,14,94,72
8,5,16,93,71
8,5,18,93,71
8,5,20,93,71
8,10,2,82,71
8,10,4,75,65
8,10,6,73,62
8,10,8,74,64
8,10,10,69,60
8,10,12,69,60
8,10,14,69,60
8,10,16,69,60
8,10,18,69,60
8,10,20,69,60
8,15,2,61,54
8,15,4,59,53
8,15,6,58,52
8,15,8,58,52
8,15,10,58,52
8,15,12,58,52
8,15,14,58,52
8,15,16,58,52
8,15,18,58,52
8,15,20,58,52
8,20,2,37,35
8,20,4,37,35
8,20,6,37,35
8,20,8,37,35
8,20,10,37,35
8,20,12,37,35
8,20,14,37,35
8,20,16,37,35
8,20,18,37,35
8,20,20,37,35
8,25,2,15,14
8,25,4,15,14
8,25,6,15,14
8,25,8,15,14
8,25,10,15,14
8,25,12,15,14
8,25,14,15,14
8,25,16,15,14
8,25,18,15,14
8,25,20,15,14
8,30,2,1,1
8,30,4,1,1
8,30,6,1,1
8,30,8,1,1
8,30,10,1,1
8,30,12,1,1
8,30,14,1,1
8,30,16,1,1
8,30,18,1,1
8,30,20,1,1
8,35,2,0,0
8,35,4,0,0
8,35,6,0,0
8,35,8,0,0
8,35,10,0,0
8,35,12,0,0
8,35,14,0,0
8,35,16,0,0
8,35,18,0,0
8,35,20,0,0
8,40,2,0,0
8,40,4,0,0
8,40,6,0,0
8,40,8,0,0
8,40,10,0,0
8,40,12,0,0
8,40,14,0,0
8,40,16,0,0
8,40,18,0,0
8,40,20,0,0
9,5,2,61,46
9,5,4,55,41
9,5,6,52,38
9,5,8,54,41
9,5,10,51,37
9,5,12,49,36
9,5,14,51,38
9,5,16,53,40
9,5,18,48,35
9,5,20,48,35
9,10,2,56,40
9,10,4,48,36
9,10,6,46,33
9,10,8,46,34
9,10,10,44,32
9,10,12,45,33
9,10,14,44,32
9,10,16,45,33
9,10,18,44,32
9,10,20,44,32
9,15,2,50,40
9,15,4,45,35
9,15,6,44,34
9,15,8,43,33
9,15,10,42,32
9,15,12,42,32
9,15,14,41,31
9,15,16,42,32
9,15,18,41,31
9,15,20,41,31
9,20,2,41,34
9,20,4,39,32
9,20,6,39,32
9,20,8,38,31
9,20,10,36,29
9,20,12,37,30
9,20,14,36,29
9,20,16,38,31
9,20,18,36,29
9,20,20,35,28
9,25,2,38,32
9,25,4,36,30
9,25,6,36,30
9,25,8,32,26
9,25,10,32,26
9,25,12,34,28
9,25,14,31,25
9,25,16,30,24
9,25,18,30,24
9,25,20,30,24
9,30,2,31,27
9,30,4,29,25
9,30,6,30,26
9,30,8,29,25
9,30,10,28,24
9,30,12,28,24
9,30,14,28,24
9,30,16,28,24
9,30,18,28,24
9,30,20,28,24
9,35,2,25,22
9,35,4,22,19
9,35,6,21,18
9,35,8,21,18
9,35,10,21,18
9,35,12,21,18
9,35,14,21,18
9,35,16,21,18
9,35,18,21,18
9,35,20,21,18
9,40,2,9,9
9,40,4,9,9
9,40,6,9,9
9,40,8,9,9
9,40,10,9,9
9,40,12,9,9
9,40,14,9,9
9,40,16,9,9
9,40,18,9,9
9,40,20,9,9
10,5,2,58,50
10,5,4,48,40
10,5,6,45,38
10,5,8,44,37
10,5,10,43,36
10,5,12,38,31
10,5,14,41,34
10,5,16,40,33
10,5,18,38,31
10,5,20,36,29
10,10,2,43,39
10,10,4,39,35
10,10,6,36,32
10,10,8,38,34
10,10,10,38,34
10,10,12,35,31
10,10,14,36,32
10,10,16,33,29
10,10,18,34,30
10,10,20,35,31
10,15,2,45,43
10,15,4,42,40
10,15,6,37,35
10,15,8,37,34
10,15,10,38,35
10,15,12,34,32
10,15,14,34,31
10,15,16,35,32
10,15,18,35,32
10,15,20,38,35
10,20,2,39,36
10,20,4,37,34
10,20,6,35,32
10,20,8,35,32
10,20,10,36,33
10,20,12,35,32
10,20,14,36,33
10,20,16,35,32
10,20,18,35,32
10,20,20,34,31
10,25,2,35,34
10,25,4,30,28
10,25,6,29,27
10,25,8,30,28
10,25,10,33,31
10,25,12,29,27
10,25,14,29,27
10,25,16,28,26
10,25,18,28,26
10,25,20,28,26
10,30,2,28,27
10,30,4,28,27
10,30,6,27,26
10,30,8,27,26
10,30,10,27,26
10,30,12,27,26
10,30,14,27,26
10,30,16,27,26
10,30,18,27,26
10,30,20,27,26
10,35,2,29,28
10,35,4,29,28
10,35,6,29,28
10,35,8,28,27
10,35,10,28,27
10,35,12,29,28
10,35,14,28,27
10,35,16,28,27
10,35,18,28,27
10,35,20,28,27
10,40,2,14,13
10,40,4,14,13
10,40,6,14,13
10,40,8,14,13
10,40,10,14,13
10,40,12,14,13
10,40,14,14,13
10,40,16,14,13
10,40,18,14,13
10,40,20,14,13
11,5,2,52,34
11,5,4,45,29
11,5,6,41,27
11,5,8,42,29
11,5,10,41,27
11,5,12,41,27
11,5,14,40,27
11,5,16,39,27
11,5,18,39,27
11,5,20,39,27
11,10,2,41,31
11,10,4,40,29
11,10,6,37,26
11,10,8,36,25
11,10,10,35,25
11,10,12,35,26
11,10,14,34,25
11,10,16,35,25
11,10,18,35,25
11,10,20,35,25
11,15,2,36,24
11,15,4,36,24
11,15,6,36,24
11,15,8,34,24
11,15,10,34,24
11,15,12,36,24
11,15,14,35,24
11,15,16,34,24
11,15,18,34,24
11,15,20,34,24
11,20,2,28,23
11,20,4,27,22
11,20,6,27,22
11,20,8,27,22
11,20,10,27,22
11,20,12,26,22
11,20,14,26,22
11,20,16,26,22
11,20,18,26,22
11,20,20,26,22
11,25,2,25,20
11,25,4,24,20
11,25,6,23,20
11,25,8,23,20
11,25,10,23,20
11,25,12,23,20
11,25,14,23,20
11,25,16,23,20
11,25,18,23,20
11,25,20,23,20
11,30,2,19,16
11,30,4,19,16
11,30,6,19,16
11,30,8,19,16
11,30,10,19,16
11,30,12,19,16
11,30,14,19,16
11,30,16,19,16
11,30,18,19,16
11,30,20,19,16
11,35,2,14,13
11,35,4,14,13
11,35,6,14,13
11,35,8,14,13
11,35,10,14,13
11,35,12,14,13
11,35,14,14,13
11,35,16,14,13
11,35,18,14,13
11,35,20,14,13
11,40,2,9,9
11,40,4,9,9
11,40,6,9,9
11,40,8,9,9
11,40,10,9,9
11,40,12,9,9
11,40,14,9,9
11,40,16,9,9
11,40,18,9,9
11,40,20,9,9
12,5,2,56,47
12,5,4,48,39
12,5,6,43,34
12,5,8,41,33
12,5,10,40,32
12,5,12,40,31
12,5,14,40,32
12,5,16,41,33
12,5,18,38,30
12,5,20,38,30
12,10,2,39,33
12,10,4,37,32
12,10,6,38,32
12,10,8,35,30
12,10,10,37,31
12,10,12,36,30
12,10,14,36,30
12,10,16,34,28
12,10,18,35,29
12,10,20,35,29
12,15,2,39,33
12,15,4,36,31
12,15,6,37,32
12,15,8,35,29
12,15,10,33,27
12,15,12,34,29
12,15,14,32,26
12,15,16,33,27
12,15,18,33,27
12,15,20,32,26
12,20,2,31,27
12,20,4,31,27
12,20,6,30,26
12,20,8,30,26
12,20,10,31,27
12,20,12,30,26
12,20,14,30,26
12,20,16,30,26
12,20,18,30,26
12,20,20,31,27
12,25,2,30,29
12,25,4,27,25
12,25,6,27,25
12,25,8,27,25
12,25,10,26,24
12,25,12,26,24
12,25,14,27,25
12,25,16,25,23
12,25,18,25,23
12,25,20,25,23
12,30,2,24,22
12,30,4,23,21
12,30,6,23,21
12,30,8,23,21
12,30,10,24,22
12,30,12,23,21
12,30,14,23,21
12,30,16,23,21
12,30,18,23,21
12,30,20,23,21
12,35,2,19,18
12,35,4,19,18
12,35,6,18,17
12,35,8,18,17
12,35,10,18,17
12,35,12,18,17
12,35,14,18,17
12,35,16,18,17
12,35,18,18,17
12,35,20,18,17
12,40,2,10,10
12,40,4,10,10
12,40,6,10,10
12,40,8,10,10
12,40,10,10,10
12,40,12,10,10
12,40,14,10,10
12,40,16,10,10
12,40,18,10,10
12,40,20,10,10
13,5,2,47,37
13,5,4,40,30
13,5,6,44,34
13,5,8,38,28
13,5,10,37,27
13,5,12,38,28
13,5,14,40,30
13,5,16,38,28
13,5,18,36,26
13,5,20,36,26
13,10,2,44,36
13,10,4,41,33
13,10,6,38,29
13,10,8,41,33
13,10,10,37,28
13,10,12,37,28
13,10,14,37,28
13,10,16,41,32
13,10,18,37,28
13,10,20,37,28
13,15,2,39,32
13,15,4,37,30
13,15,6,33,26
13,15,8,36,29
13,15,10,33,26
13,15,12,33,26
13,15,14,34,27
13,15,16,36,29
13,15,18,33,26
13,15,20,33,26
13,20,2,37,31
13,20,4,33,26
13,20,6,32,26
13,20,8,33,26
13,20,10,32,25
13,20,12,32,25
13,20,14,32,25
13,20,16,33,26
13,20,18,32,25
13,20,20,31,24
13,25,2,31,27
13,25,4,27,23
13,25,6,28,24
13,25,8,26,22
13,25,10,26,22
13,25,12,27,23
13,25,14,26,22
13,25,16,25,21
13,25,18,26,22
13,25,20,25,21
13,30,2,27,24
13,30,4,26,23
13,30,6,27,24
13,30,8,22,19
13,30,10,22,19
13,30,12,26,23
13,30,14,22,19
13,30,16,22,19
13,30,18,22,19
13,30,20,22,19
13,35,2,23,21
13,35,4,22,20
13,35,6,21,19
13,35,8,19,17
13,35,10,18,16
13,35,12,21,19
13,35,14,18,16
13,35,16,18,16
13,35,18,18,16
13,35,20,18,16
13,40,2,12,12
13,40,4,8,8
13,40,6,8,8
13,40,8,8,8
13,40,10,8,8
13,40,12,8,8
13,40,14,8,8
13,40,16,8,8
13,40,18,8,8
13,40,20,8,8
14,5,2,63,55
14,5,4,54,45
14,5,6,53,44
14,5,8,51,42
14,5,10,53,44
14,5,12,49,40
14,5,14,49,40
14,5,16,48,40
14,5,18,48,39
14,5,20,47,38
14,10,2,66,61
14,10,4,51,44
14,10,6,54,48
14,10,8,49,42
14,10,10,56,49
14,10,12,48,41
14,10,14,49,42
14,10,16,46,39
14,10,18,45,38
14,10,20,45,38
14,15,2,52,46
14,15,4,51,45
14,15,6,51,45
14,15,8,49,43
14,15,10,48,42
14,15,12,47,41
14,15,14,45,39
14,15,16,45,39
14,15,18,46,40
14,15,20,46,40
14,20,2,57,51
14,20,4,55,49
14,20,6,50,44
14,20,8,51,45
14,20,10,50,44
14,20,12,48,42
14,20,14,47,41
14,20,16,50,44
14,20,18,48,41
14,20,20,44,38
14,25,2,38,35
14,25,4,36,33
14,25,6,35,32
14,25,8,36,33
14,25,10,36,33
14,25,12,35,32
14,25,14,36,33
14,25,16,35,32
14,25,18,34,31
14,25,20,34,31
14,30,2,35,34
14,30,4,30,29
14,30,6,32,31
14,30,8,29,28
14,30,10,30,29
14,30,12,28,27
14,30,14,27,26
14,30,16,27,26
14,30,18,27,26
14,30,20,27,26
14,35,2,26,26
14,35,4,26,26
14,35,6,25,25
14,35,8,24,24
14,35,10,24,24
14,35,12,24,24
14,35,14,24,24
14,35,16,24,24
14,35,18,24,24
14,35,20,24,24
14,40,2,12,12
14,40,4,12,12
14,40,6,12,12
14,40,8,12,12
14,40,10,12,12
14,40,12,12,12
14,40,14,12,12
14,40,16,12,12
14,40,18,12,12
14,40,20,12,12
15,5,2,56,48
15,5,4,40,33
15,5,6,43,35
15,5,8,36,29
15,5,10,40,33
15,5,12,37,30
15,5,14,37,30
15,5,16,36,29
15,5,18,39,32
15,5,20,36,29
15,10,2,39,35
15,10,4,36,32
15,10,6,35,31
15,10,8,35,31
15,10,10,34,30
15,10,12,35,31
15,10,14,34,30
15,10,16,32,28
15,10,18,32,28
15,10,20,32,28
15,15,2,40,36
15,15,4,37,33
15,15,6,31,27
15,15,8,35,31
15,15,10,34,30
15,15,12,31,27
15,15,14,30,26
15,15,16,33,29
15,15,18,31,27
15,15,20,31,27
15,20,2,31,27
15,20,4,30,26
15,20,6,30,26
15,20,8,29,25
15,20,10,29,25
15,20,12,30,26
15,20,14,29,25
15,20,16,29,25
15,20,18,29,25
15,20,20,29,25
15,25,2,31,28
15,25,4,29,26
15,25,6,30,27
15,25,8,29,26
15,25,10,28,25
15,25,12,28,25
15,25,14,28,25
15,25,16,29,26
15,25,18,27,24
15,25,20,27,24
15,30,2,18,16
15,30,4,17,15
15,30,6,17,15
15,30,8,17,15
15,30,10,17,15
15,30,12,16,14
15,30,14,16,14
15,30,16,16,14
15,30,18,16,14
15,30,20,16,14
15,35,2,11,11
15,35,4,10,10
15,35,6,11,11
15,35,8,10,10
15,35,10,10,10
15,35,12,10,10
15,35,14,10,10
15,35,16,10,10
15,35,18,10,10
15,35,20,10,10
15,40,2,5,5
15,40,4,5,5
15,40,6,5,5
15,40,8,5,5
15,40,10,5,5
15,40,12,5,5
15,40,14,5,5
15,40,16,5,5
15,40,18,5,5
15,40,20,5,5
16,5,2,48,40
16,5,4,38,32
16,5,6,39,33
16,5,8,35,29
16,5,10,37,31
16,5,12,37,31
16,5,14,38,32
16,5,16,36,30
16,5,18,37,31
16,5,20,34,28
16,10,2,40,34
16,10,4,36,30
16,10,6,35,30
16,10,8,35,29
16,10,10,33,28
16,10,12,33,28
16,10,14,33,28
16,10,16,34,29
16,10,18,31,26
16,10,20,31,26
16,15,2,36,31
16,15,4,34,29
16,15,6,32,28
16,15,8,33,28
16,15,10,32,28
16,15,12,31,27
16,15,14,30,26
16,15,16,30,26
16,15,18,31,27
16,15,20,31,27
16,20,2,32,28
16,20,4,31,27
16,20,6,32,28
16,20,8,30,26
16,20,10,30,26
16,20,12,31,27
16,20,14,30,26
16,20,16,30,26
16,20,18,30,26
16,20,20,30,26
16,25,2,29,25
16,25,4,28,25
16,25,6,27,24
16,25,8,28,25
16,25,10,27,24
16,25,12,27,24
16,25,14,27,24
16,25,16,28,25
16,25,18,26,23
16,25,20,26,23
16,30,2,20,17
16,30,4,19,16
16,30,6,19,16
16,30,8,19,16
16,30,10,19,16
16,30,12,19,16
16,30,14,18,15
16,30,16,18,15
16,30,18,18,15
16,30,20,18,15
16,35,2,12,12
16,35,4,11,11
16,35,6,12,12
16,35,8,11,11
16,35,10,11,11
16,35,12,11,11
16,35,14,11,11
16,35,16,11,11
16,35,18,11,11
16,35,20,11,11
16,40,2,6,6
16,40,4,6,6
16,40,6,6,6
16,40,8,6,6
16,40,10,6,6
16,40,12,6,6
16,40,14,6,6
16,40,16,6,6
16,40,18,6,6
16,40,20,6,6
17,5,2,41,28
17,5,4,39,26
17,5,6,38,25
17,5,8,39,26
17,5,10,38,25
17,5,12,38,25
17,5,14,38,25
17,5,16,39,26
17,5,18,38,25
17,5,20,38,25
17,10,2,42,33
17,10,4,37,28
17,10,6,38,29
17,10,8,35,26
17,10,10,37,28
17,10,12,35,26
17,10,14,35,26
17,10,16,35,26
17,10,18,34,25
17,10,20,34,25
17,15,2,33,27
17,15,4,32,26
17,15,6,32,26
17,15,8,32,26
17,15,10,30,24
17,15,12,32,26
17,15,14,30,24
17,15,16,30,24
17,15,18,30,24
17,15,20,30,24
17,20,2,35,32
17,20,4,33,30
17,20,6,28,25
17,20,8,28,25
17,20,10,30,27
17,20,12,27,24
17,20,14,27,24
17,20,16,28,25
17,20,18,28,25
17,20,20,30,27
17,25,2,27,26
17,25,4,25,24
17,25,6,25,24
17,25,8,24,23
17,25,10,24,23
17,25,12,25,24
17,25,14,26,25
17,25,16,24,23
17,25,18,24,23
17,25,20,24,23
17,30,2,30,30
17,30,4,25,25
17,30,6,25,25
17,30,8,24,24
17,30,10,26,26
17,30,12,24,24
17,30,14,23,23
17,30,16,23,23
17,30,18,23,23
17,30,20,23,23
17,35,2,21,21
17,35,4,20,20
17,35,6,18,18
17,35,8,18,18
17,35,10,18,18
17,35,12,18,18
17,35,14,18,18
17,35,16,18,18
17,35,18,18,18
17,35,20,18,18
17,40,2,16,16
17,40,4,15,15
17,40,6,15,15
17,40,8,15,15
17,40,10,15,15
17,40,12,15,15
17,40,14,15,15
17,40,16,15,15
17,40,18,15,15
17,40,20,15,15
18,5,2,49,45
18,5,4,44,40
18,5,6,41,37
18,5,8,40,36
18,5,10,39,35
18,5,12,39,35
18,5,14,40,36
18,5,16,37,33
18,5,18,37,33
18,5,20,36,32
18,10,2,50,49
18,10,4,41,40
18,10,6,41,40
18,10,8,38,37
18,10,10,35,34
18,10,12,37,36
18,10,14,34,33
18,10,16,35,34
18,10,18,34,33
18,10,20,34,33
18,15,2,39,39
18,15,4,35,35
18,15,6,37,37
18,15,8,35,35
18,15,10,34,34
18,15,12,34,34
18,15,14,35,35
18,15,16,34,34
18,15,18,37,37
18,15,20,32,32
18,20,2,39,39
18,20,4,35,35
18,20,6,36,36
18,20,8,31,31
18,20,10,31,31
18,20,12,35,35
18,20,14,30,30
18,20,16,30,30
18,20,18,31,31
18,20,20,31,31
18,25,2,30,30
18,25,4,30,30
18,25,6,26,26
18,25,8,29,29
18,25,10,25,25
18,25,12,26,26
18,25,14,26,26
18,25,16,26,26
18,25,18,26,26
18,25,20,26,26
18,30,2,24,24
18,30,4,20,20
18,30,6,20,20
18,30,8,21,21
18,30,10,21,21
18,30,12,21,21
18,30,14,21,21
18,30,16,21,21
18,30,18,21,21
18,30,20,21,21
18,35,2,14,14
18,35,4,14,14
18,35,6,14,14
18,35,8,14,14
18,35,10,14,14
18,35,12,14,14
18,35,14,14,14
18,35,16,14,14
18,35,18,14,14
18,35,20,14,14
18,40,2,5,5
18,40,4,5,5
18,40,6,5,5
18,40,8,5,5
18,40,10,5,5
18,40,12,5,5
18,40,14,5,5
18,40,16,5,5
18,40,18,5,5
18,40,20,5,5
19,5,2,110,80
19,5,4,102,78
19,5,6,95,72
19,5,8,92,71
19,5,10,93,72
19,5,12,89,70
19,5,14,87,68
19,5,16,86,67
19,5,18,84,66
19,5,20,84,66
19,10,2,98,70
19,10,4,89,65
19,10,6,82,60
19,10,8,85,61
19,10,10,78,57
19,10,12,78,57
19,10,14,78,57
19,10,16,79,58
19,10,18,77,56
19,10,20,77,56
19,15,2,74,53
19,15,4,69,52
19,15,6,69,52
19,15,8,68,52
19,15,10,68,52
19,15,12,67,51
19,15,14,67,51
19,15,16,67,51
19,15,18,67,51
19,15,20,67,51
19,20,2,56,43
19,20,4,49,39
19,20,6,50,40
19,20,8,48,38
19,20,10,48,38
19,20,12,48,38
19,20,14,48,38
19,20,16,48,38
19,20,18,48,38
19,20,20,48,38
19,25,2,24,23
19,25,4,24,23
19,25,6,24,23
19,25,8,24,23
19,25,10,24,23
19,25,12,24,23
19,25,14,24,23
19,25,16,24,23
19,25,18,24,23
19,25,20,24,23
19,30,2,3,2
19,30,4,3,2
19,30,6,3,2
19,30,8,3,2
19,30,10,3,2
19,30,12,3,2
19,30,14,3,2
19,30,16,3,2
19,30,18,3,2
19,30,20,3,2
19,35,2,0,0
19,35,4,0,0
19,35,6,0,0
19,35,8,0,0
19,35,10,0,0
19,35,12,0,0
19,35,14,0,0
19,35,16,0,0
19,35,18,0,0
19,35,20,0,0
19,40,2,0,0
19,40,4,0,0
19,40,6,0,0
19,40,8,0,0
19,40,10,0,0
19,40,12,0,0
19,40,14,0,0
19,40,16,0,0
19,40,18,0,0
19,40,20,0,0
