image,seed,auto_count
384,1,452
384,2,326
384,3,242
384,4,205
384,5,184
384,6,165
384,7,153
384,8,137
384,9,127
384,10,117
384,11,110
384,12,103
384,13,100
384,14,95
384,15,92
384,16,89
384,17,87
384,18,87
384,19,83
384,20,81
384,21,80
384,22,79
384,23,79
384,24,77
384,25,77
384,26,76
384,27,77
384,28,77
384,29,76
384,30,76
384,31,75
384,32,75
384,33,75
384,34,74
384,35,74
384,36,73
384,37,73
384,38,73
384,39,73
384,40,73
384,41,73
384,42,73
384,43,73
384,44,72
384,45,72
384,46,72
384,47,72
384,48,72
384,49,72
384,50,72
384,51,72
384,52,72
384,53,71
384,54,71
384,55,70
384,56,70
384,57,70
384,58,70
384,59,70
384,60,70
385,1,459
385,2,339
385,3,254
385,4,216
385,5,194
385,6,173
385,7,156
385,8,146
385,9,138
385,10,127
385,11,122
385,12,119
385,13,113
385,14,109
385,15,103
385,16,100
385,17,97
385,18,95
385,19,93
385,20,93
385,21,89
385,22,84
385,23,83
385,24,82
385,25,79
385,26,78
385,27,77
385,28,76
385,29,76
385,30,75
385,31,75
385,32,74
385,33,72
385,34,72
385,35,72
385,36,70
385,37,70
385,38,70
385,39,70
385,40,70
385,41,69
385,42,69
385,43,68
385,44,68
385,45,68
385,46,68
385,47,68
385,48,67
385,49,66
385,50,65
385,51,65
385,52,65
385,53,65
385,54,65
385,55,65
385,56,65
385,57,65
385,58,65
385,59,64
385,60,63
386,1,446
386,2,308
386,3,216
386,4,155
386,5,130
386,6,114
386,7,107
386,8,102
386,9,96
386,10,91
386,11,91
386,12,89
386,13,86
386,14,81
386,15,80
386,16,79
386,17,79
386,18,78
386,19,78
386,20,78
386,21,78
386,22,76
386,23,76
386,24,74
386,25,73
386,26,73
386,27,72
386,28,71
386,29,71
386,30,71
386,31,71
386,32,71
386,33,71
386,34,70
386,35,70
386,36,70
386,37,68
386,38,68
386,39,68
386,40,68
386,41,67
386,42,67
386,43,67
386,44,67
386,45,66
386,46,66
386,47,66
386,48,66
386,49,66
386,50,66
386,51,66
386,52,65
386,53,65
386,54,65
386,55,64
386,56,63
386,57,63
386,58,63
386,59,63
386,60,63
387,1,431
387,2,279
387,3,186
387,4,148
387,5,126
387,6,112
387,7,104
387,8,102
387,9,99
387,10,97
387,11,94
387,12,92
387,13,89
387,14,87
387,15,87
387,16,87
387,17,85
387,18,82
387,19,81
387,20,79
387,21,79
387,22,79
387,23,79
387,24,79
387,25,78
387,26,76
387,27,75
387,28,75
387,29,74
387,30,74
387,31,73
387,32,73
387,33,73
387,34,72
387,35,71
387,36,71
387,37,69
387,38,69
387,39,69
387,40,69
387,41,69
387,42,69
387,43,68
387,44,68
387,45,67
387,46,67
387,47,67
387,48,67
387,49,67
387,50,67
387,51,67
387,52,67
387,53,66
387,54,66
387,55,66
387,56,66
387,57,65
387,58,65
387,59,64
387,60,64
388,1,540
388,2,386
388,3,294
388,4,241
388,5,212
388,6,192
388,7,175
388,8,164
388,9,152
388,10,143
388,11,133
388,12,128
388,13,123
388,14,119
388,15,115
388,16,109
388,17,106
388,18,104
388,19,99
388,20,96
388,21,96
388,22,94
388,23,93
388,24,93
388,25,93
388,26,91
388,27,90
388,28,89
388,29,88
388,30,87
388,31,85
388,32,84
388,33,84
388,34,83
388,35,83
388,36,82
388,37,82
388,38,82
388,39,81
388,40,81
388,41,79
388,42,79
388,43,79
388,44,79
388,45,79
388,46,79
388,47,78
388,48,78
388,49,78
388,50,78
388,51,77
388,52,76
388,53,76
388,54,76
388,55,75
388,56,75
388,57,75
388,58,75
388,59,75
388,60,75
389,1,439
389,2,307
389,3,232
389,4,182
389,5,158
389,6,139
389,7,130
389,8,122
389,9,119
389,10,113
389,11,106
389,12,100
389,13,95
389,14,91
389,15,85
389,16,82
389,17,81
389,18,79
389,19,77
389,20,75
389,21,74
389,22,73
389,23,72
389,24,72
389,25,72
389,26,72
389,27,70
389,28,70
389,29,69
389,30,69
389,31,69
389,32,69
389,33,69
389,34,69
389,35,69
389,36,69
389,37,68
389,38,66
389,39,66
389,40,66
389,41,66
389,42,66
389,43,66
389,44,66
389,45,66
389,46,66
389,47,66
389,48,66
389,49,65
389,50,65
389,51,65
389,52,65
389,53,65
389,54,65
389,55,65
389,56,65
389,57,65
389,58,65
389,59,65
389,60,65
390,1,494
390,2,339
390,3,229
390,4,169
390,5,136
390,6,123
390,7,115
390,8,110
390,9,103
390,10,100
390,11,96
390,12,92
390,13,87
390,14,87
390,15,85
390,16,81
390,17,80
390,18,79
390,19,79
390,20,79
390,21,78
390,22,78
390,23,77
390,24,77
390,25,75
390,26,74
390,27,73
390,28,73
390,29,72
390,30,72
390,31,72
390,32,72
390,33,72
390,34,72
390,35,72
390,36,72
390,37,72
390,38,71
390,39,70
390,40,70
390,41,70
390,42,70
390,43,70
390,44,70
390,45,69
390,46,69
390,47,69
390,48,69
390,49,69
390,50,69
390,51,69
390,52,69
390,53,68
390,54,68
390,55,68
390,56,68
390,57,68
390,58,67
390,59,67
390,60,67
391,1,331
391,2,232
391,3,171
391,4,142
391,5,122
391,6,117
391,7,106
391,8,101
391,9,98
391,10,93
391,11,91
391,12,88
391,13,85
391,14,83
391,15,81
391,16,78
391,17,74
391,18,70
391,19,67
391,20,66
391,21,66
391,22,66
391,23,66
391,24,66
391,25,66
391,26,66
391,27,66
391,28,65
391,29,64
391,30,63
391,31,63
391,32,63
391,33,61
391,34,61
391,35,61
391,36,61
391,37,61
391,38,61
391,39,60
391,40,60
391,41,60
391,42,60
391,43,60
391,44,60
391,45,60
391,46,60
391,47,60
391,48,60
391,49,60
391,50,59
391,51,59
391,52,58
391,53,57
391,54,57
391,55,57
391,56,57
391,57,57
391,58,57
391,59,57
391,60,57
392,1,432
392,2,300
392,3,231
392,4,193
392,5,172
392,6,159
392,7,151
392,8,139
392,9,129
392,10,120
392,11,115
392,12,110
392,13,105
392,14,103
392,15,99
392,16,97
392,17,93
392,18,89
392,19,87
392,20,86
392,21,85
392,22,83
392,23,82
392,24,82
392,25,82
392,26,82
392,27,81
392,28,79
392,29,79
392,30,79
392,31,77
392,32,76
392,33,76
392,34,75
392,35,75
392,36,74
392,37,74
392,38,74
392,39,74
392,40,74
392,41,74
392,42,74
392,43,74
392,44,74
392,45,73
392,46,72
392,47,72
392,48,71
392,49,70
392,50,70
392,51,70
392,52,70
392,53,70
392,54,70
392,55,70
392,56,70
392,57,70
392,58,70
392,59,70
392,60,70
393,1,356
393,2,194
393,3,111
393,4,73
393,5,55
393,6,49
393,7,48
393,8,47
393,9,44
393,10,44
393,11,43
393,12,42
393,13,41
393,14,40
393,15,40
393,16,39
393,17,39
393,18,39
393,19,39
393,20,38
393,21,38
393,22,38
393,23,38
393,24,38
393,25,38
393,26,38
393,27,38
393,28,37
393,29,37
393,30,37
393,31,37
393,32,37
393,33,37
393,34,37
393,35,37
393,36,37
393,37,37
393,38,37
393,39,37
393,40,37
393,41,37
393,42,37
393,43,37
393,44,36
393,45,36
393,46,36
393,47,36
393,48,36
393,49,36
393,50,36
393,51,36
393,52,36
393,53,36
393,54,36
393,55,36
393,56,36
393,57,36
393,58,36
393,59,36
393,60,36
394,1,314
394,2,149
394,3,93
394,4,67
394,5,56
394,6,51
394,7,49
394,8,49
394,9,48
394,10,47
394,11,47
394,12,46
394,13,45
394,14,44
394,15,44
394,16,44
394,17,44
394,18,43
394,19,40
394,20,40
394,21,39
394,22,39
394,23,39
394,24,38
394,25,38
394,26,38
394,27,38
394,28,37
394,29,37
394,30,37
394,31,37
394,32,37
394,33,37
394,34,37
394,35,37
394,36,37
394,37,37
394,38,36
394,39,35
394,40,34
394,41,34
394,42,33
394,43,33
394,44,33
394,45,33
394,46,33
394,47,33
394,48,33
394,49,33
394,50,33
394,51,32
394,52,32
394,53,32
394,54,32
394,55,32
394,56,31
394,57,31
394,58,31
394,59,31
394,60,31
395,1,348
395,2,191
395,3,117
395,4,82
395,5,65
395,6,61
395,7,59
395,8,56
395,9,54
395,10,51
395,11,48
395,12,48
395,13,48
395,14,46
395,15,45
395,16,43
395,17,42
395,18,40
395,19,38
395,20,38
395,21,38
395,22,38
395,23,38
395,24,38
395,25,38
395,26,37
395,27,36
395,28,36
395,29,36
395,30,35
395,31,34
395,32,34
395,33,34
395,34,34
395,35,34
395,36,34
395,37,34
395,38,34
395,39,34
395,40,34
395,41,34
395,42,34
395,43,34
395,44,34
395,45,33
395,46,33
395,47,33
395,48,33
395,49,32
395,50,32
395,51,32
395,52,32
395,53,32
395,54,32
395,55,32
395,56,32
395,57,32
395,58,31
395,59,31
395,60,31
396,1,340
396,2,188
396,3,119
396,4,89
396,5,67
396,6,60
396,7,58
396,8,57
396,9,55
396,10,54
396,11,52
396,12,50
396,13,48
396,14,46
396,15,46
396,16,46
396,17,44
396,18,42
396,19,40
396,20,38
396,21,38
396,22,38
396,23,36
396,24,36
396,25,35
396,26,35
396,27,35
396,28,34
396,29,34
396,30,33
396,31,33
396,32,33
396,33,33
396,34,33
396,35,33
396,36,32
396,37,32
396,38,32
396,39,32
396,40,32
396,41,32
396,42,32
396,43,32
396,44,32
396,45,32
396,46,32
396,47,32
396,48,32
396,49,32
396,50,32
396,51,32
396,52,32
396,53,32
396,54,32
396,55,32
396,56,32
396,57,32
396,58,32
396,59,32
396,60,32
397,1,346
397,2,188
397,3,110
397,4,79
397,5,64
397,6,57
397,7,52
397,8,50
397,9,46
397,10,43
397,11,41
397,12,36
397,13,35
397,14,35
397,15,34
397,16,34
397,17,34
397,18,34
397,19,34
397,20,34
397,21,33
397,22,33
397,23,33
397,24,33
397,25,33
397,26,33
397,27,33
397,28,33
397,29,33
397,30,33
397,31,33
397,32,33
397,33,33
397,34,33
397,35,33
397,36,33
397,37,33
397,38,33
397,39,33
397,40,33
397,41,33
397,42,33
397,43,33
397,44,33
397,45,33
397,46,33
397,47,33
397,48,33
397,49,33
397,50,33
397,51,33
397,52,33
397,53,33
397,54,32
397,55,32
397,56,32
397,57,32
397,58,32
397,59,32
397,60,31
398,1,388
398,2,200
398,3,133
398,4,98
398,5,80
398,6,70
398,7,64
398,8,58
398,9,54
398,10,51
398,11,50
398,12,48
398,13,46
398,14,45
398,15,45
398,16,44
398,17,43
398,18,42
398,19,42
398,20,42
398,21,42
398,22,42
398,23,42
398,24,41
398,25,41
398,26,41
398,27,41
398,28,40
398,29,40
398,30,40
398,31,40
398,32,40
398,33,40
398,34,40
398,35,40
398,36,39
398,37,39
398,38,38
398,39,38
398,40,38
398,41,38
398,42,38
398,43,38
398,44,38
398,45,38
398,46,38
398,47,38
398,48,37
398,49,37
398,50,37
398,51,36
398,52,36
398,53,36
398,54,36
398,55,36
398,56,36
398,57,36
398,58,36
398,59,35
398,60,35
399,1,284
399,2,148
399,3,108
399,4,77
399,5,74
399,6,70
399,7,67
399,8,64
399,9,58
399,10,58
399,11,57
399,12,55
399,13,52
399,14,48
399,15,46
399,16,46
399,17,44
399,18,43
399,19,43
399,20,42
399,21,40
399,22,38
399,23,37
399,24,36
399,25,36
399,26,36
399,27,35
399,28,35
399,29,34
399,30,34
399,31,33
399,32,33
399,33,33
399,34,33
399,35,33
399,36,33
399,37,33
399,38,33
399,39,33
399,40,33
399,41,33
399,42,33
399,43,33
399,44,33
399,45,33
399,46,33
399,47,33
399,48,33
399,49,33
399,50,33
399,51,33
399,52,33
399,53,33
399,54,32
399,55,31
399,56,31
399,57,31
399,58,31
399,59,31
399,60,31
400,1,292
400,2,168
400,3,107
400,4,85
400,5,69
400,6,64
400,7,61
400,8,60
400,9,58
400,10,52
400,11,51
400,12,51
400,13,48
400,14,45
400,15,43
400,16,41
400,17,40
400,18,40
400,19,38
400,20,38
400,21,37
400,22,36
400,23,36
400,24,36
400,25,36
400,26,36
400,27,35
400,28,34
400,29,34
400,30,34
400,31,34
400,32,34
400,33,34
400,34,34
400,35,34
400,36,34
400,37,34
400,38,34
400,39,34
400,40,34
400,41,34
400,42,34
400,43,34
400,44,34
400,45,34
400,46,34
400,47,34
400,48,34
400,49,34
400,50,33
400,51,32
400,52,32
400,53,32
400,54,32
400,55,32
400,56,32
400,57,31
400,58,31
400,59,31
400,60,31
403,1,318
403,2,151
403,3,93
403,4,62
403,5,53
403,6,50
403,7,48
403,8,46
403,9,44
403,10,42
403,11,42
403,12,41
403,13,40
403,14,38
403,15,38
403,16,36
403,17,36
403,18,36
403,19,36
403,20,35
403,21,35
403,22,35
403,23,35
403,24,35
403,25,35
403,26,35
403,27,35
403,28,35
403,29,35
403,30,34
403,31,34
403,32,34
403,33,34
403,34,34
403,35,34
403,36,34
403,37,34
403,38,34
403,39,34
403,40,34
403,41,34
403,42,34
403,43,34
403,44,34
403,45,34
403,46,34
403,47,34
403,48,34
403,49,34
403,50,34
403,51,34
403,52,34
403,53,34
403,54,34
403,55,34
403,56,34
403,57,34
403,58,34
403,59,34
403,60,33
404,1,348
404,2,199
404,3,124
404,4,91
404,5,77
404,6,68
404,7,62
404,8,58
404,9,54
404,10,51
404,11,51
404,12,47
404,13,46
404,14,44
404,15,43
404,16,41
404,17,39
404,18,39
404,19,37
404,20,37
404,21,36
404,22,36
404,23,36
404,24,36
404,25,36
404,26,35
404,27,34
404,28,34
404,29,33
404,30,33
404,31,33
404,32,33
404,33,33
404,34,33
404,35,33
404,36,32
404,37,32
404,38,32
404,39,31
404,40,30
404,41,30
404,42,30
404,43,30
404,44,30
404,45,30
404,46,30
404,47,30
404,48,30
404,49,30
404,50,30
404,51,30
404,52,30
404,53,30
404,54,30
404,55,30
404,56,30
404,57,30
404,58,30
404,59,30
404,60,30
